AMPD3
NM_001172430
chr11
10482677
10529126
+
15
b'10482677,10483061,10500072,10503609,10506366,10508781,10514895,10516445,10517116,10518358,10521632,10523016,10524267,10526095,10527254,'
b'10482971,10483287,10500277,10503772,10506586,10508911,10515090,10516577,10517280,10518485,10521796,10523137,10524441,10526206,10529126,'
AMPD3
NM_001172431
chr11
10471867
10529126
+
14
b'10471867,10483061,10503609,10506366,10508781,10514895,10516445,10517116,10518358,10521632,10523016,10524267,10526095,10527254,'
b'10472062,10483287,10503772,10506586,10508911,10515090,10516577,10517280,10518485,10521796,10523137,10524441,10526206,10529126,'
AMPD3
NM_000480
chr11
10472223
10529126
+
15
b'10472223,10483061,10500072,10503609,10506366,10508781,10514895,10516445,10517116,10518358,10521632,10523016,10524267,10526095,10527254,'
b'10472590,10483287,10500277,10503772,10506586,10508911,10515090,10516577,10517280,10518485,10521796,10523137,10524441,10526206,10529126,'
AMPD3
NM_001025390
chr11
10477480
10529126
+
15
b'10477480,10483061,10500072,10503609,10506366,10508781,10514895,10516445,10517116,10518358,10521632,10523016,10524267,10526095,10527254,'
b'10477949,10483287,10500277,10503772,10506586,10508911,10515090,10516577,10517280,10518485,10521796,10523137,10524441,10526206,10529126,'
AMPD3
NM_001025389
chr11
10476665
10529126
+
15
b'10476665,10483061,10500072,10503609,10506366,10508781,10514895,10516445,10517116,10518358,10521632,10523016,10524267,10526095,10527254,'
b'10476995,10483287,10500277,10503772,10506586,10508911,10515090,10516577,10517280,10518485,10521796,10523137,10524441,10526206,10529126,'
